
Node:0:time:0:dt:0

<Short_PARAM>
2 2 -5 1 130 1 0 13000 1 7000 
<Double_PARAM>
1000 1e-13 1e-20 4e-05 0.01 0.01 1e-05 1e-05 1e-05 1e-05 1e-05 1e-05 1e-06 1e-17 1 0 1 1000 0.001 12.05 1e-13 1e-13 1e-33 1e-20 1e-05 1e-10 0.001 1e-10 
<Short_Const>
9 9 60 42 35 0 0 0 21 3 0 5 3 0 81 1 2 1 1 0 1 0 0 0 0 0 0 2 0 2 81 0 0 0 0 0 0 0 0 
<Double_Const>
400 400 673.15 673.15 500 500 0 49.3869647066202 0 0 0 0 0 0 0 0 0 0 0 0 
0 0 0 0 5.84399917022432 1000 0.095789528986145 -247.894235284192 0.14460194555862 5.14732918802631 -2.8794431718465 -0.383826099593121 1e-13 1e-20 55.50837344 0 3.999996e-05 4e-05 6.21460809842219 5596.9124065 
17.2390243034617 0.555080801143299 4.01653388216503 0.0206245407531976 1.66e-24 4.55369833889275 3.32464529023611 27.7891398150404 85.1800863163369 0 0 1 1 
<Add_Double_Const>
1e-13 1e-13 1e-33 1e-20 1e-05 1e-05 1e-05 1e-05 1e-05 1e-05 1e-06 1 
<EpsW>
12.2630928233121 -0.109834958358815 -0.000165819390393567 0.0129109578062983 0 
<EpsWg>
12.2630928333529 -0.109834958217768 -0.000165819387514881 0.0129109577680876 0 
<DenW>
0.577991203938277 -0.00282639549712378 -2.66530537457313e-05 0.000411925579847386 0 
<DenWg>
0.577991204258629 -0.00282639549109626 -2.66530535870405e-05 0.000411925578483688 0 
Error Code 
Error Message
<L1>
36 3 3 1 1 1 1 1 1 1 1 1 1 1 1 1 1 1 1 1 1 
<muk>
0 1 2 3 4 5 6 7 8 9 10 11 12 13 14 15 16 17 18 19 20 
<mui>
0 1 2 3 4 5 6 7 8 
<muj>
0 1 2 3 4 5 6 7 8 9 10 11 12 13 14 15 16 17 18 19 20 21 22 23 24 25 26 27 28 29 30 31 32 33 34 35 36 37 38 39 
40 41 42 43 44 45 46 47 48 49 50 51 52 53 54 55 56 57 58 59 
<DUL>
1000000 1000000 1000000 1000000 1000000 1000000 1000000 1000000 1000000 1000000 1000000 1000000 1000000 1000000 1000000 1000000 1000000 1000000 1000000 1000000 1000000 1000000 1000000 1000000 1000000 1000000 1000000 1000000 1000000 1000000 1000000 1000000 1000000 1000000 1000000 1000000 1000000 1000000 1000000 1000000 
1000000 1000000 1000000 1000000 1000000 1000000 1000000 1000000 1000000 1000000 1000000 1000000 1000000 1000000 1000000 1000000 1000000 1000000 1000000 1000000 
<DLL>
0 0 0 0 0 0 0 0 0 0 0 0 0 0 0 0 0 0 0 0 0 0 0 0 0 0 0 0 0 0 0 0 0 0 0 0 0 0 0 0 
0 0 0 0 0 0 0 0 0 0 0 0 0 0 0 0 0 0 0 0 
<Vol>
-285.766012206448 29.7748067950671 -386.35645617081 -1672.01981593256 -940.621522503403 -705.736025403141 -255.966239312319 48.9953699214242 -327.78644810367 -233.944169472753 -85.8839498987396 51.7446856524092 54.6948198329714 28.2764486776203 -170.307983086851 56.5314700313038 40.2950583072279 28.9363020766455 16.792988120537 -702.90556521368 -35.068983424635 -663.350412985774 93.0237009571521 -523.474116753637 168.694330139116 -396.842820571131 -352.004164446705 -635.263428297151 47.1343353823106 102.49971070309 173.81678787308 100.12729722517 -701.521861134173 -817.627093756841 0 31.1688147293263 101.32187482655 101.311541033942 109.634493307496 101.32187482655 
101.311541033942 109.634493307496 98.2511231864014 51.9360060661386 20.7038768194301 26.1195517606584 28.4215908233738 60.941844123644 61.0460657392688 100.278285099932 44.4844001885621 90.525606705678 55.5145565219996 23.1623790411208 50.1424316067025 14.0781940532671 39.2650122657552 53.8028309830979 27.0081361566848 40.2731851592315 
<Pparc>
500 500 500 500 500 500 500 500 500 500 500 500 500 500 500 500 500 500 500 500 500 500 500 500 500 500 500 500 500 500 500 500 500 500 500 500 500 500 500 500 
500 500 500 500 500 500 500 500 500 500 500 500 500 500 500 500 500 500 500 500 
<MM>
60.996200799942 78.0035508871079 95.0109009742737 26.9815006256104 43.9888507127762 40.0779991149902 75.5309982299805 110.983997344971 117.169650197029 57.0853492021561 39.0983009338379 98.0786018371582 74.5513000488281 56.1056510210037 22.9897994995117 118.000700473785 58.442798614502 100.081450581551 39.9971495866775 77.0916510820389 60.084300994873 51.4523992538452 52.4603492021561 67.4517993927002 68.4597493410111 83.4511995315552 99.4505996704102 35.4529991149902 36.4609490633011 2.0158998966217 31.99880027771 34.0147001743317 33.0067502260208 17.0073500871658 1.00794994831085 18.0153000354767 262.223003387451 278.207202911377 278.331504821777 262.223003387451 
278.207202911377 278.331504821777 220.154002428055 162.045502662659 60.084300994873 60.084300994873 58.442798614502 202.138702392578 158.162902832031 258.160403728485 162.045502662659 218.247203826904 142.054401397705 60.084300994873 162.045502662659 60.084300994873 74.5513000488281 180.060802698135 60.084300994873 116.161700248718 
<Awt>
26.9815006256104 40.0779991149902 35.4529991149902 1.00794994831085 39.0983009338379 22.9897994995117 15.999400138855 28.0855007171631 0 
<A>
1 0 0 2 0 0 2 0 1 1 0 0 3 0 0 3 0 0 1 0 0 4 0 0 4 0 -1 1 0 0 0 0 0 0 0 3 1 0 0 1 
0 0 1 0 2 0 1 0 0 0 0 0 0 2 0 1 1 0 0 0 0 0 1 0 1 2 0 0 0 0 0 0 0 1 0 1 0 0 3 1 
1 0 1 0 1 0 0 1 0 1 0 0 0 0 1 0 0 0 1 1 0 0 0 1 0 2 0 0 0 0 1 0 1 0 0 0 0 0 0 0 
1 1 0 1 0 0 0 0 0 0 0 1 0 0 1 1 0 0 4 0 1 4 0 0 0 0 1 0 0 1 0 0 0 0 0 0 1 0 1 3 
1 0 0 0 0 1 0 1 1 0 0 0 0 0 1 0 0 3 1 -1 0 0 0 0 0 0 2 1 0 0 0 1 0 0 0 1 0 -1 0 0 
1 1 0 0 1 0 0 0 0 1 0 0 0 2 0 -1 0 0 1 1 0 0 2 0 0 0 0 1 0 0 0 3 0 -1 0 0 1 0 0 0 
4 0 -1 0 0 1 0 0 0 0 0 -1 0 0 1 1 0 0 0 0 0 0 0 0 2 0 0 0 0 0 0 0 0 0 0 0 2 0 0 0 
0 0 2 0 0 2 0 0 0 0 0 1 0 0 2 0 -1 0 0 0 1 0 0 1 0 -1 0 0 0 1 0 0 0 0 1 0 0 0 2 0 
0 1 0 0 1 0 0 0 0 1 8 3 0 2 1 0 0 0 0 8 2 0 1 0 0 0 1 0 8 3 0 1 0 0 0 0 1 8 3 0 
2 1 0 0 0 0 8 2 0 1 0 0 0 1 0 8 3 0 1 0 0 2 0 1 7 2 0 2 0 0 0 0 0 5 1 0 0 0 0 0 
0 0 2 1 0 0 0 0 0 0 0 2 1 0 0 0 1 0 0 1 0 0 0 1 0 0 0 0 1 6 2 0 1 0 0 0 1 0 4 1 
0 2 0 0 4 0 0 9 2 0 2 0 0 0 0 0 5 1 0 1 0 0 0 1 0 6 2 0 1 0 0 0 0 1 4 1 0 0 0 0 
0 0 0 2 1 0 2 0 0 0 0 0 5 1 0 0 0 0 0 0 0 2 1 0 0 0 1 0 1 0 0 0 0 2 0 0 2 0 0 6 
1 0 0 0 0 0 0 0 2 1 0 0 1 0 0 0 0 3 1 0 
<XFs>
0 0 0 0 0 0 0 0 0 0 0 0 0 0 0 0 0 0 0 0 0 
<Falps>
0 0 0 0 0 0 0 0 0 0 0 0 0 0 0 0 0 0 0 0 0 
<G>
-155.013191186437 -199.264566963682 -238.460203496966 -52.2861802881108 -104.469204574019 -87.7247154878058 -120.131051961839 -145.850744136812 -278.984751556283 -125.495629809958 -53.2596246078204 -203.77031282744 -78.6924982139691 -79.9770278096138 -47.6268032129195 -295.991014840672 -74.4797460717546 -231.718018663775 -73.9612937452897 -173.859402268656 -149.294744212428 0.0746828392903924 -21.2882060236086 4.66672530908408 -11.0016459499788 -4.92921474481342 -7.44326409101556 -16.9285691040988 -24.0475554230211 -1.13100972481049 -6.62739239776165 -31.1527816869369 -3.11713717701559 -17.0459015911871 4.01653388216503 -49.2440841737175 -683.926693202287 -736.249360469905 -690.789108118911 -683.926693202287 
-736.249360469905 -690.789108118911 -574.308665571895 -446.454522303287 -156.213966081767 -156.950104841692 -74.8542625918671 -523.241516019767 -371.110630952591 -700.02044541111 -446.176132311568 -530.531033618223 -365.953917742361 -157.247293183519 -446.252736270172 -148.979466005084 -79.8405915515162 -492.769703522517 -157.019191045857 -284.960995328881 
<G0>
-155.013191186437 -199.264566963682 -238.460203496966 -52.2861802881108 -104.469204574019 -87.7247154878058 -120.131051961839 -145.850744136812 -278.984751556283 -125.495629809958 -53.2596246078204 -203.77031282744 -78.6924982139691 -79.9770278096138 -47.6268032129195 -295.991014840672 -74.4797460717546 -231.718018663775 -73.9612937452897 -173.859402268656 -149.294744212428 0.0746828392903924 -21.2882060236086 4.66672530908408 -11.0016459499788 -4.92921474481342 -7.44326409101556 -16.9285691040988 -24.0475554230211 -1.13100972481049 -6.62739239776165 -31.1527816869369 -3.11713717701559 -17.0459015911871 4.01653388216503 -49.2440841737175 -683.926693202287 -736.249360469905 -690.789108118911 -683.926693202287 
-736.249360469905 -690.789108118911 -574.308665571895 -446.454522303287 -156.213966081767 -156.950104841692 -74.8542625918671 -523.241516019767 -371.110630952591 -700.02044541111 -446.176132311568 -530.531033618223 -365.953917742361 -157.247293183519 -446.252736270172 -148.979466005084 -79.8405915515162 -492.769703522517 -157.019191045857 -284.960995328881 
<lnGam>
-1.02611258153635 -0.0108514486476181 -1.02611258153635 -9.14820164464621 -4.07189598020255 -4.07189598020255 -1.02611258153635 -0.0108514486476181 -1.02611258153635 -1.02611258153635 -1.02611258153635 -0.0108514486476181 -0.0108514486476181 -0.0108514486476181 -1.02611258153635 -0.0108514486476181 -0.0108514486476181 -0.0108514486476181 -0.0108514486476181 -1.02611258153635 -0.0108514486476181 -1.02611258153635 -0.0108514486476181 -1.02611258153635 -0.0108514486476181 -1.02611258153635 -1.02611258153635 -1.02611258153635 -0.0108514486476181 -0.0108514486476181 -0.0108514486476181 -0.0108514486476181 -1.02611258153635 -1.02611258153635 -1.02611258153635 0.00126824538911275 2.14550620875745 6.37185145012339 0.0231086251328513 0.00340661922802799 
0.773599670288198 3.63243523325193 0 0 0 0 0 0 0 0 0 0 0 0 0 0 0 0 0 0 
<lnGmo>
-1.04673712228802 -0.0314759893992879 -1.04673712228802 -9.16882618539788 -4.09252052095422 -4.09252052095422 -1.04673712228802 -0.0314759893992879 -1.04673712228802 -1.04673712228802 -1.04673712228802 -0.0314759893992879 -0.0314759893992879 -0.0314759893992879 -1.04673712228802 -0.0314759893992879 -0.0314759893992879 -0.0314759893992879 -0.0314759893992879 -1.04673712228802 -0.0314759893992879 -1.04673712228802 -0.0314759893992879 -1.04673712228802 -0.0314759893992879 -1.04673712228802 -1.04673712228802 -1.04673712228802 -0.0314759893992879 -0.0314759893992879 -0.0314759893992879 -0.0314759893992879 -1.04673712228802 -1.04673712228802 -1.04673712228802 0.00170257491738546 2.14550620875745 6.37185145012339 0.0231086251328513 0.00340661922802799 
0.773599670288198 3.63243523325193 0 0 0 0 0 0 0 0 0 0 0 0 0 0 0 0 0 0 
<B>
0.29442571790996 1.78324960377229e-08 0.01 1.11026667785195 0.0872223855045395 0.178347345796736 3.15066041476453 1.01307661056411 0 
<U>
-86.373480502319 -108.981958645742 -30.5145543047713 -5.22200054232318 -55.1321688541345 -48.1920082486158 -38.8200893701638 -79.6071144429484 -6.63016293740676 
<Uc>
-86.373480502319 -86.3734805525829 -108.981958645742 -108.98195637927 -30.5145543047713 -30.5145569155526 -5.22200054232318 -5.2220005589866 -55.1321688541345 -55.1321755943379 -48.1920082486158 -48.192004836916 -38.8200893701638 -38.8200893352187 -79.6071144429484 -79.6071145127222 -6.63016293740676 -6.63016486768891 
<Uefd>
-3.08097976288637e-06 -2.18322516968387e-06 1.03171837918489e-06 -1.02815695626862e-06 -1.03171838054661e-06 -1.03171836850443e-06 2.05631392937389e-06 -4.11260443398388e-06 1.03171859249918e-06 
<U_r>
-483424.804616015 -609962.476429021 -170787.287567193 -29227.0796220783 -308569.919856958 -269726.448860828 -217272.639817308 -445554.046471403 -37108.4412014883 
<C>
6.22861673728642e-17 0 -3.7889738046237e-19 -1.66096446327638e-16 -6.48814243467335e-18 0 1.66096446327638e-16 0 -4.89857921856136e-20 
<XF>
0.566770175729462 0.0931744471929803 0.162399710020344 0 0.0194255837448217 0 0 0 0 0 0 0 0 0 0.226735202292314 0 0 0 0 0 0 
<YF>
0.56677017572944 0.0931744471929923 0.162399710020337 0 0.019425583292457 0 0 0 0 0 0 0 0 0 0.22673520208625 0 0 0 0 0 0 
<Falp>
3.55350428238655e-10 3.08413635095867e-07 -1.76884897644245e-07 -0.719052139409618 2.12027373869277e-09 -0.448768257254383 -0.129067256567927 -1.67303261244899 -1.50211075429386 -2.29415639516028 -0.959595796187578 -0.120903234849457 -1.35038694036197 -1.51961503423066 1.05511311143631e-10 -0.087634558404711 -3.59067171335983 -2.52157091305552 -1.28069500386576 -0.099063499385681 -8.72425774391333 
<X>
7.19391365234115e-12 2.4343210707881e-09 3.99903391227158e-08 1.84567548980301e-20 2.99606111324497e-16 3.25844585853158e-14 7.78534606393218e-12 1.76773377651494e-11 5.17603414490138e-17 2.21896396560158e-15 0.000307861647889097 1.15507644151822e-07 0.0005247238519488 2.52848680588758e-09 0.00113795546302765 2.17460495363025e-07 0.00802469845599351 1.06066173052874e-08 6.3728472331301e-09 1.40536032432992e-09 0.000193358682022468 8.24877911556822e-28 4.03574035361822e-24 0 0 0 0 0.00144596825286761 4.60939605005968e-06 4.96056377387062e-05 7.93689399079162e-32 1.0354276657432e-25 2.67698085397109e-32 2.16860962022365e-09 1.94691212633305e-07 0.555080801143299 0.0106771728566372 3.77647194981908e-11 0.0824972742985784 0.158507284581118 
1.77692337792127e-08 0.0038924076699923 0 0.0194255837448217 0 0 0 0 0 0 0 0 0 0.226735202292314 0 0 0 0 0 0 
<Y>
7.19391365234115e-12 2.4343210707881e-09 3.99903391227158e-08 1.84567548980301e-20 2.99606111324497e-16 3.25844585853158e-14 7.78534606393218e-12 1.76773377651494e-11 5.17603414490138e-17 2.21896396560158e-15 0.000307861647889097 1.15507644151822e-07 0.0005247238519488 2.52848680588758e-09 0.00113795546302765 2.17460495363025e-07 0.00802469845599351 1.06066173052874e-08 6.3728472331301e-09 1.40536032432992e-09 0.000193358682022468 8.24877911556822e-28 4.03574035361822e-24 0 0 0 0 0.00144596825286761 4.60939605005968e-06 4.96056377387062e-05 7.93689399079162e-32 1.0354276657432e-25 2.67698085397109e-32 2.16860962022365e-09 1.94691212633305e-07 0.555080801143299 0.0106771728566372 3.77647194981908e-11 0.0824972742985784 0.158507284581118 
1.77692337792127e-08 0.0038924076699923 0 0.0194255837448217 0 0 0 0 0 0 0 0 0 0.226735202292314 0 0 0 0 0 0 
<XY>
7.19391365234115e-12 2.4343210707881e-09 3.99903391227158e-08 1.84567548980301e-20 2.99606111324497e-16 3.25844585853158e-14 7.78534606393218e-12 1.76773377651494e-11 5.17603414490138e-17 2.21896396560158e-15 0.000307861647889094 1.15507644151822e-07 0.0005247238519488 2.52848680588759e-09 0.0011379554630276 2.17460495363025e-07 0.00802469845599339 1.06066173052874e-08 6.37284723313012e-09 1.40536032432992e-09 0.000193358682022319 8.24877911556822e-28 4.03574035361822e-24 0 0 0 0 0.00144596825286769 4.60939605004673e-06 4.96056386045536e-05 7.93689399079162e-32 1.0354276657432e-25 2.67698085397109e-32 2.16860962022365e-09 1.94691212633282e-07 0.555080801142411 0.0106771728566371 3.77647194981908e-11 0.0824972742985905 0.158507284581111 
1.77692337792192e-08 0.00389240766999232 0 0.019425583292457 0 1.6635215447886e-11 0 0 0 0 3.48409732481595e-11 0 0 0.22673520208625 4.17455624284701e-10 0 0 0 1.8998911175509e-10 0 
<XU>
0 0 0 0 0 0 0 0 0 0 0 0 0 0 0 0 0 0 0 0 0 0 0 0 0 0 0 0 0 0 0 0 0 0 0 0 0 0 0 0 
0 0 0 0 0 0 0 0 0 0 0 0 0 0 0 0 0 0 0 0 
<MU>
1.06873548648648e-26 6.05765777084843e-22 -3.29952021546392e-21 1.41398418100303e-43 2.78982073988559e-35 -3.72403698714409e-30 -2.125933055092e-25 -1.09604461911388e-24 -9.67451608725398e-36 -1.77835298392084e-32 5.88206172351146e-16 -2.74575551958013e-20 -1.09781478916314e-17 -6.66688177991237e-22 8.49313627457216e-15 -9.72564890431601e-20 2.01385114368002e-14 -1.16543412832451e-20 -4.23513167837786e-21 -2.04614687575785e-22 2.56437943479211e-14 4.09683459116907e-56 9.82351888925203e-49 0 0 0 0 -1.30592181432885e-14 2.21559975435285e-15 -1.48160082978524e-10 7.58578066299028e-64 6.45518449540951e-52 4.30731653723232e-65 -4.90444621714938e-22 3.95295590259861e-18 1.51896430117333e-10 5.50336383703553e-15 -5.00618252985362e-24 -2.07119527591438e-12 1.21286965464877e-12 
-1.10833629665812e-18 -4.6108233805147e-15 0 7.74067052164112e-08 0 0 0 0 0 0 0 0 0 3.52608547529548e-08 0 0 0 0 0 0 
<EMU>
1.26928276363719e-11 4.29507619805553e-09 7.05583582760042e-08 3.25649441013947e-20 5.28621095295552e-16 5.74916260545702e-14 1.37363449058557e-11 3.11896011637034e-11 9.13251868883086e-17 3.91510742831823e-15 0.000543185770911637 2.03799627930066e-07 0.000925813048740552 4.46121707420022e-09 0.00200779139581569 3.83683887121005e-07 0.0141586465590746 1.87141493751704e-08 1.12441518133218e-08 2.47959683272894e-09 0.00034115888228191 1.45540185790341e-27 7.12059183198736e-24 2.03860769133178e-46 3.35559283089132e-45 4.14425908683205e-59 7.07838350628361e-75 0.00255124383640369 8.13273970398992e-06 8.75233760949737e-05 1.40037265499553e-31 1.82689170460419e-25 4.72322556455406e-32 3.82626252388072e-09 3.43510094037837e-07 0.979375458579096 0.114594310555292 4.05318358676438e-10 0.88540639918828 0.976031479300265 
1.09416691502576e-07 0.0239680039905975 0.190962398408021 1.00000000488211 0.355821136708889 0.742904079912088 0.0212308502731988 0.0314694567394238 0.00507976480601025 0.109749917843989 0.757001543740752 0.0446285790788294 0.0302262984205056 1.00000000024295 0.817269782236609 0.000256642328317519 0.00300904780136934 0.052396827961505 0.796042950287905 1.88687120152586e-09 
<NMU>
-25.0899840350387 -19.2657965405603 -16.466825692582 -44.8710505774021 -35.1762597646575 -30.4871370915466 -25.0109758830202 -24.1909363727037 -36.9321050548045 -33.1739336256609 -7.51805917699728 -15.4061285418215 -6.98483823490978 -19.2278442215492 -6.21071996909521 -14.773446834005 -4.25742977727107 -17.7939859481234 -18.3034176822749 -19.815169857433 -7.98316225874716 -61.7945154573506 -53.2990513874176 -105.206647207131 -102.405700729205 -134.430796462692 -170.736836411238 -5.97117425975546 -11.7196127042113 -9.34360464490922 -71.0433994994747 -56.9620113241961 -72.1302310272906 -19.3813773525268 -14.8840493398705 -0.0208401976354886 -2.16635712204828 -21.6263482868078 -0.12170853125564 -0.0242604397077542 
-16.0281023854469 -3.73103550515045 -1.65567873729006 4.88211070378072e-09 -1.03332709936286 -0.297188340966946 -3.85229995351793 -3.45873783086309 -5.28249031649301 -2.20955097560127 -0.278389986259117 -3.1093808386513 -3.49904292490916 2.42948772181581e-10 -0.201786027813804 -8.26782716101774 -5.80613159532903 -2.94890922457324 -0.228102136945294 -20.0883458285727 
<W>
1.51534021958973e-18 1.73514361023433e-13 4.68263042765468e-11 9.97448309546558e-36 2.62833697330971e-27 3.10885686650564e-23 1.77474333080425e-18 9.1498385118409e-18 7.8446572665662e-29 1.44171762624853e-25 0.00277517828226526 3.90661992969003e-10 0.00806197265663943 1.87197951644405e-13 0.0379166743840333 1.38465141805995e-09 1.88554608962724 3.2940751873646e-12 1.18917761262232e-12 5.78302521403695e-14 0.00109473010954676 1.99231982900917e-50 4.76898705464401e-43 0 0 0 0 0.0612205496585558 6.22110826611594e-07 7.20512962905123e-05 1.84450938026277e-58 3.13920182630936e-46 2.09831284382983e-59 1.37702704155431e-13 1.1098707579068e-09 9021.77769900914 3.33804553176884 4.17592062743599e-17 199.277794625121 735.661724575201 
9.24521704062994e-12 0.443625342989096 0 11.0491239431236 0 0 0 0 0 0 0 0 0 1505.28111646411 0 0 0 0 0 0 
<F>
-181.087823569324 -218.499750219951 -255.911678040329 -106.263973775638 -143.675898088065 -122.242286928396 -146.126676430241 -170.011067101712 -316.901505592659 -159.654212409503 -61.7623312883225 -219.145827269429 -85.646721959962 -99.1742579391415 -54.8221719025706 -310.733848790049 -78.7065625739514 -249.481391736246 -92.2340985530898 -194.659220986526 -157.247293166154 -62.7044811705667 -74.5566438035934 0 0 0 0 -23.884391824153 -35.7365544571734 -10.4440010899093 -77.6401786758313 -88.0841797827468 -76.2320171497868 -37.4119278033703 -11.8521637857037 -49.2640904540334 -683.947555346658 -751.503879208211 -690.887707373509 -683.947546691713 
-751.5038637581 -690.887704878922 0 -446.454522303287 0 -156.950104841692 0 0 0 0 -446.176132311568 0 0 -157.247293183519 -446.252736270172 0 0 0 -157.019191045857 0 
<F0>
-1.02611258153635 -0.0108514486476181 -1.02611258153635 -9.14820164464621 -4.07189598020255 -4.07189598020255 -1.02611258153635 -0.0108514486476181 -1.02611258153635 -1.02611258153635 -1.02611258153635 -0.0108514486476181 -0.0108514486476181 -0.0108514486476181 -1.02611258153635 -0.0108514486476181 -0.0108514486476181 -0.0108514486476181 -0.0108514486476181 -1.02611258153635 -0.0108514486476181 -1.02611258153635 -0.0108514486476181 -1.02611258153635 -0.0108514486476181 -1.02611258153635 -1.02611258153635 -1.02611258153635 -0.0108514486476181 -0.0108514486476181 -0.0108514486476181 -0.0108514486476181 -1.02611258153635 -1.02611258153635 -1.02611258153635 0.00126824538911275 2.14550620875745 6.37185145012339 0.0231086251328513 0.00340661922802799 
0.773599670288198 3.63243523325193 0 0 0 0 0 0 0 0 0 0 0 0 0 0 0 0 0 0 
<YOF>
0 0 0 0 0 0 0 0 0 0 0 0 0 0 0 0 0 0 0 0 0 
<lnGmM>
0 0 0 0 0 0 0 0 0 0 0 0 0 0 0 0 0 0 0 0 0 0 0 0 0 0 0 0 0 0 0 0 0 0 0 0 0 0 0 0 
0 0 0 0 0 0 0 0 0 0 0 0 0 0 0 0 0 0 0 0 
<fDQF>
0 0 0 0 0 0 0 0 0 0 0 0 0 0 0 0 0 0 0 0 0 0 0 0 0 0 0 0 0 0 0 0 0 0 0 0 0 0 0 0 
0 0 0 0 0 0 0 0 0 0 0 0 0 0 0 0 0 0 0 0 
<FVOL>
16.5129735411707 10.1263780424818 16.4869991902986 0 1.00888723520935 0 0 0 0 0 0 0 0 0 5.25172669745979 0 0 0 0 0 0 
<FWGT>
10.6094426698081 25.761390843879 42.6476408493477 0 3.14782848244522 0 0 0 0 0 0 0 0 0 13.6232261406648 0 0 0 0 0 0 
<Y_la>
-9.57971030879131 -6.60937544092877 -5.83472022409407 -21.6978973738563 -15.2828913334498 -13.2464312315556 -9.54539750434442 -8.74833649262502 -14.7226781216928 -13.0905250079735 -1.94832030654509 -4.93314292710228 -1.27582301631462 -6.59289295820686 -1.38055010257892 -4.65837275259714 -0.0913245732689292 -5.97017622222829 -6.19141961327612 -7.28888761839808 -1.70938963101752 -25.5202857663047 -21.3898302220877 -44.3739350328426 -42.716577055929 -57.065821792817 -72.8333346021886 -1.27651672284934 -3.33210944138334 -2.30022225227347 -29.0961026921046 -22.9806335100592 -30.0090300048395 -7.10049392722677 -5.14732918802631 -0.00868861746385326 -0.00905670709984018 -6.62494647532001 -0.0428212307086267 -0.00905670709984018 
-6.62494647532001 -0.0428212307086267 -0.719052139407759 2.1202737394587e-09 -0.448768257253222 -0.129067256567593 -1.67303261244466 -1.50211075428998 -2.29415639515434 -0.959595796185096 -0.120903234849144 -1.35038694035847 -1.51961503422673 1.05511310937004e-10 -0.0876345584044844 -3.59067171335055 -2.521570913049 -1.28069500386245 -0.0990634993854248 -8.72425774389077 
<Y_w>
4.13595148522145e-05 0.01789780042463 0.358126083392533 4.69384640953008e-14 1.24222628029217e-09 1.23090339708518e-07 5.54256220685422e-05 0.000184920326981605 5.71636163218878e-10 1.19393955729494e-08 1134.5428529822 1.06780616027587 3687.17250725476 0.0133713337031405 2465.85694919006 2.41864644325162 44204.5685529133 0.100054798231521 0.0240253641976803 0.010211803875061 1095.04538666027 4.00039370228931e-21 1.99554637155955e-17 0 0 0 0 4831.91368148906 15.840884372944 9.42556580034949 2.39382117931075e-25 3.31966180492121e-19 8.32828275309039e-26 0.003476365739597 0.0184966358571093 942.551601224706 0 0 0 0 
0 0 0 3286.19267237499 0 0 0 0 0 0 0 0 0 14222.0410569461 0 0 0 0 0 0 
<Fx>
-181.0878232647 -218.49975023978 -255.91167721486 -106.263969314539 -143.675896289619 -122.242284520555 -146.12667588792 -170.011067255284 -316.901504678911 -159.654211495635 -61.7623317915413 -219.145828096781 -85.6467231589059 -99.1742587666215 -54.8221711860226 -310.733848400883 -78.7065625533872 -249.481391344379 -92.2340981611028 -194.659220158356 -157.247293183276 -62.7044807375284 -74.5566442172583 -101.524570107692 -113.376733587422 -140.344659477856 -179.16474884802 -23.8843913673646 -35.7365548470945 -10.4440010846464 -77.6401787403276 -88.0841798249739 -76.232016345244 -37.4119269750802 -11.8521634797299 -49.2640904548101 -683.94754704109 -751.503863497587 -690.887707646609 -683.94754704109 
-751.503863497587 -690.887707646609 -575.964344312625 -446.454522298405 -157.247293183276 -157.247293183276 -78.7065625533872 -526.700253857814 -376.393121280057 -702.229996391301 -446.454522298405 -533.640414463333 -369.452960674538 -157.247293183276 -446.454522298405 -157.247293183276 -85.6467231589059 -495.718612753215 -157.247293183276 -305.049341199181 
<Wx>
1.2692823229596e-11 4.29507616143528e-09 7.0558298293036e-08 3.25647955527571e-20 5.28620107681017e-16 5.74914841688308e-14 1.37363368739579e-11 3.11896047501049e-11 9.1325097306674e-17 3.91510361805058e-15 0.000543186040960719 2.03799792399375e-07 0.00092581415610561 4.46122063962397e-09 0.00200778995042046 3.836837305053e-07 0.0141586463078536 1.87141415682928e-08 1.12441471094133e-08 2.47959470083468e-09 0.00034115888644565 1.4554010547488e-27 7.12059407223399e-24 0 0 0 0 0.00255124266375975 8.13274277201893e-06 8.75233734288528e-05 1.40037255499135e-31 1.82689158689508e-25 4.72322110196727e-32 3.82625923714588e-09 3.43509981594793e-07 0.97937545924833 0.114593358783475 4.05311978078856e-10 0.885406640811213 0.976031820261634 
1.09416659530899e-07 0.0239680703217062 0 1 0 0 0 0 0 0 0 0 0 1 0 0 0 0 0 0 
<VL>
-25.089984382225 -19.2657965490864 -16.4668265427009 -44.8710551390244 -35.1762616329436 -30.4871395594871 -25.0109764677391 -24.1909362577166 -36.9321060357133 -33.1739345988832 -7.51805867983953 -15.4061277348071 -6.98483703881042 -19.2278434223453 -6.2107206889886 -14.7734472421945 -4.25742979501436 -17.7939863652879 -18.3034181006176 -19.815170717208 -7.98316224654246 -61.7945160091946 -53.2990510728024 -54.7552246294886 -54.7552246294886 -54.7552246294886 -54.7552246294886 -5.97117471939173 -11.7196123269671 -9.34360467537103 -71.0433995708873 -56.9620113886275 -72.1302319721087 -19.3813782115207 -14.8840496672061 -0.0208401969521606 -2.16636542765931 -21.6263640291192 -0.12170825836073 -0.0242600903734177 
-16.0281026776481 -3.73103273766856 0 0 0 0 0 0 0 0 0 0 0 0 0 0 0 0 0 0 
<Gamma>
0.365866033679079 1.00982100472631 0.365866033679079 0.000108628461986511 0.0174002372212245 0.0174002372212245 0.365866033679079 1.00982100472631 0.365866033679079 0.365866033679079 0.365866033679079 1.00982100472631 1.00982100472631 1.00982100472631 0.365866033679079 1.00982100472631 1.00982100472631 1.00982100472631 1.00982100472631 0.365866033679079 1.00982100472631 0.365866033679079 1.00982100472631 0.365866033679079 1.00982100472631 0.365866033679079 0.365866033679079 0.365866033679079 1.00982100472631 1.00982100472631 1.00982100472631 1.00982100472631 0.365866033679079 0.365866033679079 0.365866033679079 1.00083426366534 8.54636638799716 585.140184485182 1.02337769804821 1.00341242834993 
2.16755470972485 37.8047680383689 1 1 1 1 1 1 1 1 1 1 1 1 1 1 1 1 1 1 
<lnGmf>
0 0 0 0 0 0 0 0 0 0 0 0 0 0 0 0 0 0 0 0 0 0 0 0 0 0 0 0 0 0 0 0 0 0 0 0 6.90775527898214 6.90775527898214 0 0 
0 6.90775527898214 0 0 0 0 0 0 0 0 0 0 0 0 0 0 0 0 0 0 
<BF>
3.75399993921609e-07 2.54975390119739e-11 0.01 1.11026667785195 0.000832703535968855 0.00916288835898106 0.5554688337492 0.00019337069400015 -1.1321776868122e-19 0.093174447230745 3.77647194981908e-11 0 0 0.0824972742985784 0.0106771728566372 0.745395577543842 0.279523341541176 0 0.162399727789578 1.77692337792127e-08 0 0 0.0038924076699923 0.158507284581118 1.29919768016275 0.487199112291798 0 
<BFC>
0.294425342509966 1.78069984987109e-08 0 0 0.0863896819685707 0.169184457437755 2.59519158101533 1.01288323987011 0 
<XFA>
0.555080801143299 0 0 
<YFA>
0.555080801142411 0 0 
<PUL>
1000000 1000000 1000000 
<PLL>
0 0 0 
<Y_m>
7.19395165329058e-10 2.4343339297848e-07 3.99905503666824e-06 1.84568523935303e-18 2.99607693956321e-14 3.25846307086443e-12 7.78538718904938e-10 1.7677431143476e-09 5.17606148665461e-15 2.2189756870013e-13 0.0307863274129761 1.15508254306511e-05 0.0524726623736943 2.52850016230301e-07 0.113796147413511 2.17461644070903e-05 0.80247408454598 1.06066733334172e-06 6.37288089689883e-07 1.40536774797012e-07 0.0193359703415531 8.24882268871258e-26 4.03576167191207e-22 0 0 0 0 0.144597589101412 0.000460942039861802 0.00496058997742856 7.9369359164418e-30 1.03543313526039e-23 2.67699499478776e-30 2.16862107563283e-07 1.94692241065294e-05 55.50837344 1.06772292574679 3.77649189855999e-09 8.24977100801154 15.8508121876031 
1.77693276429685e-06 0.389242823114916 0 1.94257079620823 0 0 0 0 0 0 0 0 0 22.6736652154829 0 0 0 0 0 0 
<IC_m>
3.7540197692516e-05 2.54976736995359e-09 1.00000528237497 0.0105076120401484 0.0832707934621174 0.916293676079321 0.0388034655635171 0.0193371715456664 1.01881122895747e-17 
<IC_lm>
-4.42550343544218 -8.59349942308693 2.29410023819963e-06 -1.97849596640498 -1.07950729481651 -0.0379653106858667 -1.41112948260749 -1.71360704643789 -16.9919062417102 
<IC_wm>
0.000954701909052662 9.63189469758271e-08 33.416457601379 0.0099827025756625 3.06870911613779 19.8552339425757 0.585166358116733 0.51189425628121 0 
<Aalp>
0 0 0 0 0 0 0 0 0 0 0 0 0 0 0 0 0 0 0 0 0 
<Xr0h0>
0 0 0 0 0 0 0 0 0 0 0 0 0 0 0 0 0 0 0 0 0 0 0 0 0 0 0 0 0 0 0 0 0 0 0 0 0 0 0 0 
0 0 
<Sigw>
0 0 0 0 0 0 0 0 0 0 0 0 0 0 0 0 0 0 0 0 0 
<Sigg>
0 0 0 0 0 0 0 0 0 0 0 0 0 0 0 0 0 0 0 0 0 
<EZ>
1 0 -1 3 2 2 1 0 1 1 1 0 0 0 1 0 0 0 0 -1 0 -1 0 -1 0 -1 -1 -1 0 0 0 0 -1 -1 1 0 0 0 0 0 
0 0 0 0 0 0 0 0 0 0 0 0 0 0 0 0 0 0 0 0 
<Xcond>
0 0 0 0 0 0 0 0 0 0 0 0 0 0 0 0 0 0 0 0 0 
<Xeps>
0 0 0 0 0 0 0 0 0 0 0 0 0 0 0 0 0 0 0 0 0 
<sMod>
'HNNSNNNN' 'VNNSNNNN' 'VNNSNNNN' 
<LsMod>
2 0 4 3 2 3 3 2 3 
<IPxPH>
0 1 0 2 1 2 0 1 0 2 1 2 
<PMc>
0.0299999993294477 3.72000002861023 1 1 0 0 0 0 3100 0 0 25100 -10.8000001907349 0.342999994754791 40000 0 0 3100 0 0 25100 -10.8000001907349 0.342999994754791 40000 0 0 
<LsMdc>
0 0 0 1 0 0 1 0 0 
<DMc>
0.64300000667572 1 1 0.64300000667572 1 1 
<MoiSN>

<SitFr>

<LsMdc2>
0 0 0 0 0 0 0 0 0 
<DQFc>

<LsPhl>
0 0 0 0 0 0 0 0 0 0 0 0 0 0 0 0 0 0 0 0 0 0 0 0 0 0 0 0 0 0 0 0 0 0 0 0 0 0 0 0 
0 0 
<PhLin>

<lPhc>

<lnDQFt>
0 0 0 0 0 0 0 0 0 0 0 0 0 0 0 0 0 0 0 0 0 0 0 0 0 0 0 0 0 0 0 0 0 0 0 0 0 0 0 0 
0 0 
<lnRcpt>
0 0 0 0 0 0 0 0 0 0 0 0 0 0 0 0 0 0 0 0 0 0 0 0 0 0 0 0 0 0 0 0 0 0 0 0 0 0 0 0 
0 0 
<lnExet>
0 0 0 0 0 0 0 0 0 0 0 0 0 0 0 0 0 0 0 0 0 0 0 0 0 0 0 0 0 0 0 0 0 0 0 0 0 0 0 0 
0 0 
<lnCnft>
0 0 0 0 0 0 0 0 0 0 0 0 0 0 0 0 0 0 0 0 0 0 0 0 0 0 0 0 0 0 0 0 0 0 0 0 0 0 0 0 
0 0 
<SorMc>
0 0 0 0 0 0 0 0 0 0 0 0 0 0 0 0 
0 0 0 0 0 0 0 0 0 0 0 0 0 0 0 0 
0 0 0 0 0 0 0 0 0 0 0 0 0 0 0 0 
<LsISmo>
0 0 0 0 0 0 0 0 0 0 0 0 
<xSMd>

<IsoPc>

<IsoSc>

<IsoCt>

<LsESmo>
0 0 0 0 0 0 0 0 0 0 0 0 
<EImc>

<mCDc>

<lnScalT>
0 0 0 0 0 0 0 0 0 0 0 0 0 0 0 0 0 0 0 0 0 0 0 0 0 0 0 0 0 0 0 0 0 0 0 0 0 0 0 0 
0 0 
<lnSACT>
0 0 0 0 0 0 0 0 0 0 0 0 0 0 0 0 0 0 0 0 0 0 0 0 0 0 0 0 0 0 0 0 0 0 0 0 0 0 0 0 
0 0 
<lnGammF>
0 0 0 0 0 0 0 0 0 0 0 0 0 0 0 0 0 0 0 0 0 0 0 0 0 0 0 0 0 0 0 0 0 0 0 0 0 0 0 0 
0 0 
<CTerms>
0 0 0 0 0 0 0 0 0 0 0 0 0 0 0 0 0 0 0 0 0 0 0 0 0 0 0 0 0 0 0 0 0 0 0 0 0 0 0 0 
0 0 
<kMod>
'NNNNNN' 'NNNNNN' 'NNNNNN' 'NNNNNN' 'NNNNNN' 'NNNNNN' 'NNNNNN' 'NNNNNN' 'NNNNNN' 'NNNNNN' 'NNNNNN' 'NNNNNN' 'NNNNNN' 'NNNNNN' 'NNNNNN' 'NNNNNN' 'NNNNNN' 'NNNNNN' 'NNNNNN' 'NNNNNN' 'NNNNNN' 
<LsKin>
0 0 0 0 0 0 0 0 0 0 0 0 0 0 0 0 0 0 0 0 0 0 0 0 0 0 0 0 0 0 0 0 0 0 0 0 0 0 0 0 
0 0 0 0 0 0 0 0 0 0 0 0 0 0 0 0 0 0 0 0 0 0 0 0 0 0 0 0 0 0 0 0 0 0 0 0 0 0 0 0 
0 0 0 0 0 0 0 0 0 0 0 0 0 0 0 0 0 0 0 0 0 0 0 0 0 0 0 0 0 0 0 0 0 0 0 0 0 0 0 0 
0 0 0 0 0 0 
<xSKrC>

<ocPRkC>

<feSArC>

<rpConC>

<apConC>

<AscpC>

<LsUpt>
0 0 0 0 0 0 
<UMpcC>

<PfFact>
1 1 1 1 1 1 1 1 1 1 1 1 1 1 1 1 1 1 1 1 1 
<PrT>
0 0 0 0 0 0 0 0 0 0 0 0 0 0 0 0 0 0 0 0 0 
<PkT>
0 0 0 0 0 0 0 0 0 0 0 0 0 0 0 0 0 0 0 0 0 
<PvT>
0 0 0 0 0 0 0 0 0 0 0 0 0 0 0 0 0 0 0 0 0 
<emRd>
0 0 0 0 0 0 0 0 0 0 0 0 0 0 0 0 0 0 0 0 0 0 0 0 0 0 0 0 0 0 0 0 0 0 0 0 0 0 0 0 
0 0 
<emDf>
0 0 0 0 0 0 0 0 0 0 0 0 0 0 0 0 0 0 0 0 0 0 0 0 0 0 0 0 0 0 0 0 0 0 0 0 0 0 0 0 
0 0 
<Wb>
0 0 0 0 0 0 0 0 0 0 0 0 0 0 0 0 0 0 0 0 0 0 0 0 0 0 0 0 0 0 0 0 0 0 0 0 0 0 0 0 
0 0 
<Wabs>
0 0 0 0 0 0 0 0 0 0 0 0 0 0 0 0 0 0 0 0 0 0 0 0 0 0 0 0 0 0 0 0 0 0 0 0 0 0 0 0 
0 0 
<Rion>
0 0 0 0 0 0 0 0 0 0 0 0 0 0 0 0 0 0 0 0 0 0 0 0 0 0 0 0 0 0 0 0 0 0 0 0 0 0 0 0 
0 0 
<Qp>
0 0 0 0 0 0 0 0 0 0 0 0 0 0 0 0 0 0 0 0 0 0 0 0 0 0 0 0 0 0 0 0 0 0 0 0 0 0 0 0 
0 0 0 0 0 0 0 0 0 0 0 0 0 0 0 0 0 0 0 0 0 0 0 0 0 0 0 0 0 0 0 0 0 0 0 0 0 0 0 0 
0 0 0 0 0 0 0 0 0 0 0 0 0 0 0 0 0 0 0 0 0 0 0 0 0 0 0 0 0 0 0 0 0 0 0 0 0 0 0 0 
0 0 0 0 0 0 0 0 0 0 0 0 0 0 0 0 0 0 0 0 0 0 0 0 0 0 0 0 0 0 0 0 0 0 0 0 0 0 0 0 
0 0 0 0 0 0 0 0 0 0 0 0 0 0 0 0 0 0 0 0 0 0 0 0 0 0 0 0 0 0 0 0 0 0 0 0 0 0 0 0 
0 0 0 0 0 0 0 0 0 0 0 0 0 0 0 0 0 0 0 0 0 0 0 0 0 0 0 0 0 0 0 0 0 0 0 0 0 0 0 0 
0 0 0 0 0 0 0 0 0 0 0 0 0 0 0 0 0 0 0 0 0 0 0 0 0 0 0 0 0 0 0 0 0 0 0 0 0 0 0 0 
0 0 0 0 0 0 0 0 0 0 0 0 0 0 0 0 0 0 0 0 0 0 0 0 0 0 0 0 0 0 0 0 0 0 0 0 0 0 0 0 
0 0 0 0 0 0 0 0 0 0 0 0 0 0 0 0 0 0 0 0 0 0 0 0 0 0 0 0 0 0 0 0 0 0 0 0 0 0 0 0 
0 0 0 0 0 0 0 0 0 0 0 0 0 0 0 0 0 0 0 0 0 0 0 0 0 0 0 0 0 0 0 0 0 0 0 0 0 0 0 0 
0 0 0 0 0 0 0 0 0 0 0 0 0 0 0 0 0 0 0 0 0 0 0 0 0 0 0 0 0 0 0 0 0 0 0 0 0 0 0 0 
0 0 0 0 0 0 0 0 0 0 0 0 0 0 0 0 0 0 0 0 0 0 0 0 0 0 0 0 0 0 0 0 0 0 0 0 0 0 0 0 
0 0 0 0 0 0 0 0 0 0 0 0 0 0 0 0 0 0 0 0 0 0 0 0 0 0 0 0 0 0 0 0 0 0 0 0 0 0 0 0 
0 0 0 0 0 0 0 0 0 0 0 0 0 0 0 0 0 0 0 0 
<Qd>
0 0 0 0 0 0 0 0 0 0 0 0 0 0 0 0 0 0 0 0 0 0 0 0 0 0 0 0 0 0 0 0 0 0 0 0 0 0 0 0 
0 0 0 0 0 0 0 0 0 0 0 0 0 0 0 0 0 0 0 0 0 0 0 0 0 0 0 0 0 0 0 0 0 0 0 0 0 0 0 0 
0 0 0 0 0 0 0 0 0 0 0 0 0 0 0 0 0 0 0 0 0 0 0 0 0 0 0 0 0 0 0 0 0 0 0 0 0 0 0 0 
0 0 0 0 0 0 0 0 0 0 0 0 0 0 0 0 0 0 0 0 0 0 0 0 0 0 0 0 0 0 0 0 0 0 0 0 0 0 0 0 
0 0 0 0 0 0 0 0 0 0 0 0 0 0 0 0 0 0 0 0 
<H0>
0 0 0 0 0 0 0 0 0 0 0 0 0 0 0 0 0 0 0 0 0 0 0 0 0 0 0 0 0 0 0 0 0 0 0 0 0 0 0 0 
0 0 0 0 0 0 0 0 0 0 0 0 0 0 0 0 0 0 0 0 
<A0>
0 0 0 0 0 0 0 0 0 0 0 0 0 0 0 0 0 0 0 0 0 0 0 0 0 0 0 0 0 0 0 0 0 0 0 0 0 0 0 0 
0 0 0 0 0 0 0 0 0 0 0 0 0 0 0 0 0 0 0 0 
<U0>
0 0 0 0 0 0 0 0 0 0 0 0 0 0 0 0 0 0 0 0 0 0 0 0 0 0 0 0 0 0 0 0 0 0 0 0 0 0 0 0 
0 0 0 0 0 0 0 0 0 0 0 0 0 0 0 0 0 0 0 0 
<S0>
0 0 0 0 0 0 0 0 0 0 0 0 0 0 0 0 0 0 0 0 0 0 0 0 0 0 0 0 0 0 0 0 0 0 0 0 0 0 0 0 
0 0 0 0 0 0 0 0 0 0 0 0 0 0 0 0 0 0 0 0 
<Cp0>
0 0 0 0 0 0 0 0 0 0 0 0 0 0 0 0 0 0 0 0 0 0 0 0 0 0 0 0 0 0 0 0 0 0 0 0 0 0 0 0 
0 0 0 0 0 0 0 0 0 0 0 0 0 0 0 0 0 0 0 0 
<VPh>
0 0 0.0251614286274407 0 0 0 0 0.0284016401730412 0 0 0 0 0.00963920579443535 0 0 
<GPh>
0 -686.161681570424 -21.7577526050125 0 0 0 -1992.58052031044 1490.58765834872 0 0 0 -633.043184723817 505.889689068244 0 0 
<HPh>
0 0 121.037223302011 0 0 0 0 2092.5716201415 0 0 0 0 710.196456470288 0 0 
<SPh>
0 1.01932954255429 0.212129504429955 0 0 0 2.96008396391658 0.894279078649298 0 0 0 0.940419200362204 0.303508530642567 0 0 
<CPh>
0 0 2.88643848490556 0 0 0 0 0 0 0 0 0 0 0 0 
<APh>
0 -686.161681570424 -34.3384669187329 0 0 0 -1992.58052031044 1476.3868382622 0 0 0 -633.043184723817 501.070086171026 0 0 
<UPh>
0 0 108.456508988291 0 0 0 0 2078.37080005498 0 0 0 0 705.37685357307 0 0 